Region,Year,Month,Case_Count,<5 ha,5<20 ha,20<50 ha,50<100 ha,≥100 ha,Total
east midlands,2012,3,1,0.12,0.25,0.19,0.16,0.28,1.0
east midlands,2012,5,5,0.12,0.25,0.19,0.16,0.28,1.0
east midlands,2012,7,2,0.12,0.25,0.19,0.16,0.28,1.0
east midlands,2012,8,2,0.12,0.25,0.19,0.16,0.28,1.0
east midlands,2012,9,1,0.12,0.25,0.19,0.16,0.28,1.0
east midlands,2015,11,2,0.12,0.25,0.19,0.16,0.28,1.0
east midlands,2016,2,1,0.12,0.25,0.19,0.16,0.28,1.0
east midlands,2016,5,1,0.12,0.25,0.19,0.16,0.28,1.0
east midlands,2023,3,1,0.12,0.25,0.19,0.16,0.28,1.0
east midlands,2023,6,1,0.12,0.25,0.19,0.16,0.28,1.0
east midlands,2024,3,1,0.12,0.25,0.19,0.16,0.28,1.0
east midlands,2024,8,1,0.12,0.25,0.19,0.16,0.28,1.0
east midlands,2024,9,1,0.12,0.25,0.19,0.16,0.28,1.0
east of england,2012,5,1,0.13,0.21,0.16,0.16,0.34,1.0
east of england,2012,6,1,0.13,0.21,0.16,0.16,0.34,1.0
east of england,2012,7,3,0.13,0.21,0.16,0.16,0.34,1.0
east of england,2013,1,1,0.13,0.21,0.16,0.16,0.34,1.0
east of england,2013,7,1,0.13,0.21,0.16,0.16,0.34,1.0
east of england,2013,8,4,0.13,0.21,0.16,0.16,0.34,1.0
east of england,2014,1,1,0.13,0.21,0.16,0.16,0.34,1.0
east of england,2014,6,2,0.13,0.21,0.16,0.16,0.34,1.0
east of england,2014,9,3,0.13,0.21,0.16,0.16,0.34,1.0
east of england,2015,1,1,0.13,0.21,0.16,0.16,0.34,1.0
east of england,2015,4,2,0.13,0.21,0.16,0.16,0.34,1.0
east of england,2015,7,4,0.13,0.21,0.16,0.16,0.34,1.0
east of england,2015,10,4,0.13,0.21,0.16,0.16,0.34,1.0
east of england,2015,12,2,0.13,0.21,0.16,0.16,0.34,1.0
east of england,2016,4,1,0.13,0.21,0.16,0.16,0.34,1.0
east of england,2016,6,1,0.13,0.21,0.16,0.16,0.34,1.0
east of england,2016,7,1,0.13,0.21,0.16,0.16,0.34,1.0
east of england,2016,8,1,0.13,0.21,0.16,0.16,0.34,1.0
east of england,2017,2,2,0.13,0.21,0.16,0.16,0.34,1.0
east of england,2017,5,1,0.13,0.21,0.16,0.16,0.34,1.0
east of england,2017,6,1,0.13,0.21,0.16,0.16,0.34,1.0
east of england,2020,8,1,0.13,0.21,0.16,0.16,0.34,1.0
east of england,2020,9,3,0.13,0.21,0.16,0.16,0.34,1.0
east of england,2022,4,1,0.13,0.21,0.16,0.16,0.34,1.0
east of england,2022,10,1,0.13,0.21,0.16,0.16,0.34,1.0
east of england,2023,11,1,0.13,0.21,0.16,0.16,0.34,1.0
east of england,2024,12,1,0.13,0.21,0.16,0.16,0.34,1.0
north east,2012,6,1,0.1,0.2,0.17,0.17,0.36,1.0
north east,2013,5,1,0.1,0.2,0.17,0.17,0.36,1.0
north east,2015,3,1,0.1,0.2,0.17,0.17,0.36,1.0
north east,2016,10,3,0.1,0.2,0.17,0.17,0.36,1.0
north east,2017,1,1,0.1,0.2,0.17,0.17,0.36,1.0
north east,2020,10,1,0.1,0.2,0.17,0.17,0.36,1.0
north west,2012,3,3,0.13,0.25,0.22,0.19,0.21,1.0
north west,2014,3,1,0.13,0.25,0.22,0.19,0.21,1.0
north west,2015,3,1,0.13,0.25,0.22,0.19,0.21,1.0
north west,2015,4,1,0.13,0.25,0.22,0.19,0.21,1.0
north west,2015,5,1,0.13,0.25,0.22,0.19,0.21,1.0
north west,2015,6,1,0.13,0.25,0.22,0.19,0.21,1.0
north west,2015,10,4,0.13,0.25,0.22,0.19,0.21,1.0
north west,2016,2,1,0.13,0.25,0.22,0.19,0.21,1.0
north west,2016,3,1,0.13,0.25,0.22,0.19,0.21,1.0
north west,2016,9,1,0.13,0.25,0.22,0.19,0.21,1.0
north west,2016,11,3,0.13,0.25,0.22,0.19,0.21,1.0
north west,2017,4,2,0.13,0.25,0.22,0.19,0.21,1.0
north west,2017,6,2,0.13,0.25,0.22,0.19,0.21,1.0
north west,2018,10,1,0.13,0.25,0.22,0.19,0.21,1.0
north west,2020,8,1,0.13,0.25,0.22,0.19,0.21,1.0
north west,2021,5,1,0.13,0.25,0.22,0.19,0.21,1.0
north west,2023,5,2,0.13,0.25,0.22,0.19,0.21,1.0
south west,2012,1,1,0.12,0.3,0.22,0.17,0.19,1.0
south west,2012,4,1,0.12,0.3,0.22,0.17,0.19,1.0
south west,2012,5,1,0.12,0.3,0.22,0.17,0.19,1.0
south west,2012,6,3,0.12,0.3,0.22,0.17,0.19,1.0
south west,2012,7,3,0.12,0.3,0.22,0.17,0.19,1.0
south west,2012,10,2,0.12,0.3,0.22,0.17,0.19,1.0
south west,2012,11,1,0.12,0.3,0.22,0.17,0.19,1.0
south west,2013,1,1,0.12,0.3,0.22,0.17,0.19,1.0
south west,2013,3,1,0.12,0.3,0.22,0.17,0.19,1.0
south west,2013,6,2,0.12,0.3,0.22,0.17,0.19,1.0
south west,2013,11,3,0.12,0.3,0.22,0.17,0.19,1.0
south west,2014,10,1,0.12,0.3,0.22,0.17,0.19,1.0
south west,2015,4,1,0.12,0.3,0.22,0.17,0.19,1.0
south west,2015,7,4,0.12,0.3,0.22,0.17,0.19,1.0
south west,2015,8,2,0.12,0.3,0.22,0.17,0.19,1.0
south west,2015,9,1,0.12,0.3,0.22,0.17,0.19,1.0
south west,2015,10,1,0.12,0.3,0.22,0.17,0.19,1.0
south west,2015,11,3,0.12,0.3,0.22,0.17,0.19,1.0
south west,2016,1,2,0.12,0.3,0.22,0.17,0.19,1.0
south west,2016,2,1,0.12,0.3,0.22,0.17,0.19,1.0
south west,2016,3,3,0.12,0.3,0.22,0.17,0.19,1.0
south west,2016,6,2,0.12,0.3,0.22,0.17,0.19,1.0
south west,2016,8,2,0.12,0.3,0.22,0.17,0.19,1.0
south west,2016,9,1,0.12,0.3,0.22,0.17,0.19,1.0
south west,2016,10,2,0.12,0.3,0.22,0.17,0.19,1.0
south west,2016,12,2,0.12,0.3,0.22,0.17,0.19,1.0
south west,2017,1,3,0.12,0.3,0.22,0.17,0.19,1.0
south west,2017,5,2,0.12,0.3,0.22,0.17,0.19,1.0
south west,2017,6,2,0.12,0.3,0.22,0.17,0.19,1.0
south west,2018,9,3,0.12,0.3,0.22,0.17,0.19,1.0
south west,2019,6,1,0.12,0.3,0.22,0.17,0.19,1.0
south west,2019,7,1,0.12,0.3,0.22,0.17,0.19,1.0
south west,2019,8,1,0.12,0.3,0.22,0.17,0.19,1.0
south west,2020,7,1,0.12,0.3,0.22,0.17,0.19,1.0
south west,2020,8,1,0.12,0.3,0.22,0.17,0.19,1.0
south west,2021,1,1,0.12,0.3,0.22,0.17,0.19,1.0
south west,2021,6,1,0.12,0.3,0.22,0.17,0.19,1.0
south west,2021,8,1,0.12,0.3,0.22,0.17,0.19,1.0
south west,2023,12,1,0.12,0.3,0.22,0.17,0.19,1.0
west midlands,2012,2,4,0.13,0.28,0.21,0.17,0.2,1.0
west midlands,2012,3,1,0.13,0.28,0.21,0.17,0.2,1.0
west midlands,2012,4,1,0.13,0.28,0.21,0.17,0.2,1.0
west midlands,2012,7,1,0.13,0.28,0.21,0.17,0.2,1.0
west midlands,2012,9,1,0.13,0.28,0.21,0.17,0.2,1.0
west midlands,2013,1,1,0.13,0.28,0.21,0.17,0.2,1.0
west midlands,2013,2,2,0.13,0.28,0.21,0.17,0.2,1.0
west midlands,2013,5,1,0.13,0.28,0.21,0.17,0.2,1.0
west midlands,2013,9,1,0.13,0.28,0.21,0.17,0.2,1.0
west midlands,2014,1,1,0.13,0.28,0.21,0.17,0.2,1.0
west midlands,2014,5,1,0.13,0.28,0.21,0.17,0.2,1.0
west midlands,2014,10,1,0.13,0.28,0.21,0.17,0.2,1.0
west midlands,2015,5,1,0.13,0.28,0.21,0.17,0.2,1.0
west midlands,2015,7,2,0.13,0.28,0.21,0.17,0.2,1.0
west midlands,2016,12,1,0.13,0.28,0.21,0.17,0.2,1.0
west midlands,2021,3,1,0.13,0.28,0.21,0.17,0.2,1.0
west midlands,2021,4,1,0.13,0.28,0.21,0.17,0.2,1.0
west midlands,2025,2,2,0.13,0.28,0.21,0.17,0.2,1.0
yorkshire and the humber,2012,1,1,0.14,0.23,0.19,0.17,0.26,1.0
yorkshire and the humber,2012,3,1,0.14,0.23,0.19,0.17,0.26,1.0
yorkshire and the humber,2012,5,1,0.14,0.23,0.19,0.17,0.26,1.0
yorkshire and the humber,2012,6,1,0.14,0.23,0.19,0.17,0.26,1.0
yorkshire and the humber,2013,11,1,0.14,0.23,0.19,0.17,0.26,1.0
yorkshire and the humber,2015,3,1,0.14,0.23,0.19,0.17,0.26,1.0
yorkshire and the humber,2015,5,2,0.14,0.23,0.19,0.17,0.26,1.0
yorkshire and the humber,2015,6,1,0.14,0.23,0.19,0.17,0.26,1.0
yorkshire and the humber,2015,7,2,0.14,0.23,0.19,0.17,0.26,1.0
yorkshire and the humber,2015,9,3,0.14,0.23,0.19,0.17,0.26,1.0
yorkshire and the humber,2016,4,1,0.14,0.23,0.19,0.17,0.26,1.0
yorkshire and the humber,2016,7,2,0.14,0.23,0.19,0.17,0.26,1.0
yorkshire and the humber,2016,10,1,0.14,0.23,0.19,0.17,0.26,1.0
yorkshire and the humber,2021,7,1,0.14,0.23,0.19,0.17,0.26,1.0
yorkshire and the humber,2024,10,1,0.14,0.23,0.19,0.17,0.26,1.0
